=== Camera Calibration Result ===
Valid Frames: 44
Image Size: 1080 x 1920
fx: 812.5198337318193
fy: 811.3545198669024
cx: 538.0093288574282
cy: 939.4489353114691
RMSE: 0.04202046335566636
Camera Matrix:
[[812.51983373   0.         538.00932886]
 [  0.         811.35451987 939.44893531]
 [  0.           0.           1.        ]]
Distortion Coefficients:
[[-0.02322297  0.11694765  0.00261352 -0.00332288 -0.26975718]]
